sessionNo|prediction
1|1
2|1
3|1
4|0
5|0
6|0
7|0
8|0
9|0
10|1
11|0
12|1
13|1
14|0
15|1
16|0
17|1
18|1
19|0
20|1
21|0
22|1
23|1
24|0
25|0
26|0
27|1
28|0
29|1
30|0
31|1
32|1
33|1
34|0
35|1
36|0
37|1
38|1
39|1
40|1
41|0
42|1
43|0
44|0
45|1
46|1
47|0
48|0
49|1
50|0
51|1
52|1
53|0
54|1
55|0
56|1
57|0
58|0
59|1
60|1
61|0
62|0
63|1
64|0
65|1
66|1
67|1
68|0
69|1
70|0
71|1
72|0
73|1
74|0
75|0
76|0
77|0
78|1
79|1
80|0
81|1
82|1
83|1
84|1
85|1
86|1
87|1
88|0
89|1
90|0
91|0
92|1
93|1
94|0
95|0
96|1
97|0
98|0
99|1
100|1
101|0
102|0
103|1
104|0
105|1
106|0
107|1
108|0
109|1
110|0
111|1
112|0
113|0
114|0
115|1
116|0
117|1
118|0
119|0
120|0
121|0
122|0
123|0
124|1
125|0
126|0
127|0
128|0
129|0
130|0
131|1
132|1
133|1
134|1
135|0
136|1
137|0
138|0
139|1
140|1
141|0
142|1
143|0
144|1
145|1
146|0
147|1
148|1
149|0
150|1
151|0
152|0
153|0
154|0
155|0
156|1
157|1
158|1
159|1
160|1
161|0
162|1
163|0
164|1
165|1
166|1
167|0
168|1
169|1
170|0
171|1
172|0
173|0
174|1
175|1
176|1
177|0
178|1
179|0
180|0
181|1
182|1
183|1
184|0
185|1
186|1
187|0
188|1
189|0
190|1
191|0
192|0
193|1
194|0
195|1
196|1
197|1
198|0
199|0
200|1
201|0
202|0
203|0
204|1
205|0
206|1
207|1
208|1
209|0
210|1
211|1
212|0
213|1
214|1
215|0
216|1
217|1
218|1
219|0
220|0
221|0
222|1
223|0
224|0
225|1
226|1
227|1
228|1
229|1
230|1
231|0
232|1
233|1
234|1
235|0
236|1
237|0
238|1
239|1
240|1
241|1
242|1
243|0
244|0
245|1
246|0
247|1
248|0
249|1
250|1
251|1
252|1
253|1
254|1
255|1
256|1
257|1
258|1
259|1
260|1
261|1
262|1
263|1
264|1
265|1
266|1
267|1
268|1
269|0
270|1
271|1
272|1
273|0
274|1
275|0
276|1
277|1
278|1
279|1
280|1
281|0
282|1
283|1
284|0
285|1
286|0
287|1
288|1
289|0
290|0
291|0
292|0
293|0
294|1
295|1
296|0
297|1
298|1
299|0
300|1
301|0
302|0
303|1
304|0
305|1
306|1
307|1
308|0
309|1
310|1
311|0
312|1
313|0
314|0
315|1
316|0
317|0
318|1
319|1
320|0
321|0
322|0
323|1
324|1
325|1
326|1
327|1
328|0
329|1
330|1
331|1
332|1
333|1
334|1
335|1
336|1
337|1
338|0
339|1
340|0
341|1
342|1
343|0
344|1
345|0
346|1
347|0
348|1
349|0
350|0
351|1
352|1
353|1
354|0
355|0
356|0
357|1
358|1
359|0
360|0
361|1
362|0
363|1
364|1
365|1
366|1
367|0
368|1
369|1
370|0
371|1
372|1
373|1
374|1
375|1
376|0
377|1
378|1
379|1
380|1
381|1
382|0
383|1
384|0
385|0
386|1
387|0
388|0
389|0
390|0
391|1
392|1
393|1
394|1
395|0
396|1
397|0
398|0
399|1
400|0
401|1
402|0
403|0
404|0
405|1
406|1
407|0
408|1
409|1
410|1
411|1
412|1
413|1
414|1
415|0
416|0
417|1
418|0
419|0
420|1
421|1
422|1
423|0
424|1
425|1
426|1
427|0
428|1
429|0
430|1
431|1
432|1
433|0
434|0
435|1
436|0
437|0
438|0
439|1
440|1
441|1
442|1
443|1
444|0
445|0
446|1
447|0
448|0
449|1
450|1
451|1
452|0
453|0
454|1
455|1
456|1
457|0
458|1
459|1
460|0
461|0
462|0
463|0
464|0
465|0
466|1
467|1
468|0
469|0
470|0
471|1
472|0
473|0
474|0
475|1
476|0
477|1
478|0
479|1
480|0
481|1
482|0
483|1
484|1
485|0
486|1
487|1
488|1
489|1
490|0
491|0
492|0
493|0
494|0
495|1
496|0
497|1
498|0
499|0
500|1
501|1
502|0
503|0
504|0
505|0
506|0
507|1
508|1
509|1
510|0
511|1
512|0
513|0
514|0
515|1
516|1
517|0
518|1
519|1
520|1
521|1
522|1
523|0
524|1
525|0
526|1
527|1
528|1
529|0
530|1
531|1
532|0
533|0
534|0
535|1
536|0
537|1
538|0
539|1
540|1
541|1
542|1
543|0
544|1
545|0
546|0
547|0
548|1
549|1
550|1
551|0
552|1
553|1
554|0
555|1
556|1
557|0
558|0
559|0
560|0
561|0
562|1
563|1
564|1
565|1
566|0
567|1
568|0
569|0
570|0
571|0
572|1
573|1
574|1
575|0
576|1
577|1
578|1
579|0
580|0
581|1
582|1
583|0
584|1
585|1
586|1
587|1
588|0
589|1
590|1
591|1
592|1
593|0
594|1
595|1
596|1
597|0
598|1
599|1
600|1
601|1
602|1
603|0
604|1
605|1
606|0
607|1
608|0
609|0
610|0
611|0
612|0
613|0
614|1
615|1
616|0
617|1
618|1
619|0
620|1
621|1
622|0
623|1
624|1
625|0
626|1
627|0
628|1
629|1
630|1
631|0
632|0
633|0
634|1
635|1
636|1
637|0
638|1
639|0
640|0
641|0
642|1
643|1
644|1
645|1
646|0
647|0
648|0
649|1
650|1
651|0
652|1
653|1
654|0
655|1
656|1
657|0
658|0
659|1
660|1
661|1
662|0
663|1
664|1
665|0
666|0
667|0
668|0
669|1
670|0
671|0
672|1
673|1
674|0
675|1
676|1
677|1
678|0
679|0
680|1
681|1
682|1
683|1
684|1
685|1
686|0
687|1
688|1
689|0
690|0
691|1
692|1
693|1
694|0
695|0
696|0
697|1
698|0
699|1
700|1
701|1
702|1
703|1
704|1
705|0
706|1
707|1
708|0
709|0
710|0
711|1
712|1
713|0
714|0
715|0
716|0
717|1
718|1
719|0
720|0
721|0
722|1
723|0
724|1
725|1
726|1
727|0
728|1
729|0
730|1
731|0
732|1
733|0
734|0
735|0
736|0
737|0
738|1
739|0
740|1
741|1
742|0
743|0
744|1
745|1
746|1
747|1
748|1
749|1
750|1
751|1
752|1
753|0
754|0
755|0
756|0
757|0
758|1
759|1
760|1
761|1
762|1
763|0
764|1
765|0
766|1
767|0
768|0
769|1
770|0
771|1
772|0
773|1
774|1
775|0
776|0
777|1
778|1
779|0
780|1
781|0
782|0
783|0
784|0
785|0
786|0
787|0
788|1
789|1
790|0
791|0
792|0
793|0
794|0
795|1
796|0
797|0
798|1
799|0
800|1
801|1
802|1
803|1
804|0
805|1
806|0
807|0
808|1
809|1
810|0
811|0
812|1
813|0
814|0
815|1
816|1
817|0
818|1
819|0
820|1
821|1
822|0
823|0
824|1
825|1
826|1
827|1
828|0
829|0
830|0
831|1
832|0
833|1
834|0
835|0
836|0
837|1
838|0
839|1
840|0
841|1
842|0
843|1
844|1
845|1
846|1
847|1
848|0
849|1
850|0
851|1
852|0
853|1
854|0
855|0
856|1
857|1
858|1
859|1
860|1
861|0
862|0
863|0
864|1
865|0
866|1
867|1
868|0
869|0
870|0
871|1
872|1
873|0
874|1
875|1
876|1
877|0
878|1
879|1
880|0
881|1
882|1
883|1
884|0
885|1
886|0
887|1
888|1
889|0
890|0
891|0
892|0
893|1
894|1
895|0
896|1
897|0
898|0
899|0
900|1
901|1
902|0
903|0
904|0
905|0
906|1
907|0
908|0
909|1
910|1
911|1
912|0
913|0
914|1
915|0
916|0
917|0
918|1
919|1
920|1
921|1
922|1
923|0
924|0
925|0
926|0
927|0
928|0
929|1
930|0
931|1
932|0
933|1
934|0
935|1
936|0
937|1
938|0
939|0
940|0
941|1
942|1
943|1
944|0
945|1
946|0
947|0
948|1
949|0
950|0
951|1
952|0
953|0
954|0
955|0
956|0
957|1
958|1
959|0
960|1
961|1
962|1
963|1
964|1
965|1
966|0
967|0
968|1
969|1
970|1
971|0
972|1
973|0
974|0
975|0
976|1
977|0
978|0
979|0
980|0
981|0
982|0
983|0
984|1
985|1
986|1
987|1
988|1
989|1
990|1
991|0
992|1
993|1
994|0
995|1
996|1
997|1
998|1
999|0
1000|0
1001|1
1002|0
1003|0
1004|0
1005|1
1006|1
1007|0
1008|0
1009|1
1010|0
1011|1
1012|0
1013|0
1014|0
1015|1
1016|0
1017|0
1018|0
1019|1
1020|1
1021|0
1022|1
1023|0
1024|0
1025|1
1026|1
1027|1
1028|1
1029|0
1030|1
1031|1
1032|0
1033|1
1034|1
1035|1
1036|0
1037|0
1038|1
1039|0
1040|1
1041|1
1042|0
1043|0
1044|1
1045|0
1046|1
1047|1
1048|1
1049|0
1050|1
1051|1
1052|1
1053|1
1054|1
1055|0
1056|0
1057|0
1058|0
1059|0
1060|0
1061|0
1062|0
1063|1
1064|1
1065|1
1066|1
1067|1
1068|0
1069|0
1070|0
1071|0
1072|1
1073|1
1074|0
1075|0
1076|0
1077|1
1078|0
1079|1
1080|0
1081|0
1082|1
1083|1
1084|1
1085|0
1086|0
1087|1
1088|1
1089|1
1090|0
1091|0
1092|1
1093|1
1094|0
1095|0
1096|1
1097|0
1098|0
1099|1
1100|0
1101|1
1102|1
1103|1
1104|1
1105|1
1106|1
1107|1
1108|1
1109|0
1110|1
1111|1
1112|0
1113|1
1114|0
1115|0
1116|1
1117|0
1118|0
1119|0
1120|1
1121|0
1122|1
1123|1
1124|1
1125|0
1126|0
1127|0
1128|1
1129|0
1130|0
1131|0
1132|0
1133|1
1134|0
1135|1
1136|1
1137|1
1138|0
1139|0
1140|0
1141|0
1142|0
1143|1
1144|0
1145|1
1146|0
1147|0
1148|1
1149|0
1150|0
1151|0
1152|1
1153|0
1154|1
1155|0
1156|0
1157|0
1158|1
1159|0
1160|1
1161|0
1162|0
1163|0
1164|0
1165|1
1166|1
1167|1
1168|0
1169|0
1170|1
1171|0
1172|1
1173|1
1174|1
1175|0
1176|1
1177|0
1178|1
1179|0
1180|0
1181|1
1182|1
1183|1
1184|0
1185|1
1186|0
1187|1
1188|0
1189|1
1190|0
1191|0
1192|1
1193|0
1194|0
1195|0
1196|0
1197|1
1198|1
1199|0
1200|1
1201|1
1202|0
1203|0
1204|1
1205|1
1206|1
1207|0
1208|1
1209|0
1210|0
1211|1
1212|0
1213|0
1214|1
1215|0
1216|1
1217|0
1218|0
1219|1
1220|1
1221|1
1222|1
1223|0
1224|1
1225|1
1226|0
1227|1
1228|1
1229|1
1230|0
1231|1
1232|0
1233|1
1234|1
1235|0
1236|0
1237|0
1238|0
1239|1
1240|1
1241|1
1242|0
1243|1
1244|0
1245|1
1246|1
1247|0
1248|0
1249|0
1250|1
1251|1
1252|0
1253|0
1254|0
1255|0
1256|1
1257|0
1258|1
1259|0
1260|0
1261|1
1262|0
1263|0
1264|1
1265|1
1266|1
1267|1
1268|1
1269|0
1270|1
1271|0
1272|0
1273|0
1274|1
1275|0
1276|1
1277|0
1278|0
1279|1
1280|0
1281|0
1282|0
1283|0
1284|0
1285|0
1286|1
1287|1
1288|1
1289|1
1290|1
1291|1
1292|1
1293|0
1294|1
1295|1
1296|0
1297|1
1298|1
1299|1
1300|1
1301|1
1302|0
1303|0
1304|0
1305|1
1306|0
1307|0
1308|1
1309|0
1310|1
1311|0
1312|1
1313|0
1314|1
1315|0
1316|1
1317|0
1318|1
1319|0
1320|1
1321|0
1322|1
1323|1
1324|0
1325|0
1326|1
1327|0
1328|0
1329|0
1330|1
1331|0
1332|1
1333|0
1334|1
1335|0
1336|1
1337|0
1338|0
1339|0
1340|0
1341|0
1342|0
1343|0
1344|1
1345|0
1346|0
1347|0
1348|0
1349|0
1350|1
1351|1
1352|0
1353|1
1354|0
1355|1
1356|1
1357|0
1358|0
1359|0
1360|1
1361|1
1362|0
1363|0
1364|1
1365|0
1366|0
1367|1
1368|1
1369|0
1370|0
1371|0
1372|1
1373|0
1374|0
1375|0
1376|0
1377|0
1378|1
1379|0
1380|0
1381|1
1382|0
1383|1
1384|0
1385|1
1386|0
1387|0
1388|0
1389|0
1390|0
1391|0
1392|1
1393|0
1394|1
1395|1
1396|1
1397|1
1398|0
1399|0
1400|1
1401|0
1402|1
1403|1
1404|0
1405|1
1406|0
1407|0
1408|0
1409|1
1410|0
1411|0
1412|1
1413|1
1414|1
1415|0
1416|0
1417|1
1418|0
1419|0
1420|0
1421|0
1422|1
1423|1
1424|1
1425|1
1426|1
1427|0
1428|1
1429|1
1430|1
1431|0
1432|1
1433|1
1434|1
1435|1
1436|1
1437|1
1438|0
1439|0
1440|1
1441|0
1442|0
1443|0
1444|0
1445|1
1446|1
1447|1
1448|1
1449|0
1450|1
1451|0
1452|0
1453|0
1454|0
1455|1
1456|1
1457|1
1458|1
1459|1
1460|1
1461|0
1462|1
1463|0
1464|0
1465|1
1466|0
1467|0
1468|1
1469|0
1470|0
1471|1
1472|1
1473|1
1474|1
1475|1
1476|1
1477|1
1478|0
1479|1
1480|1
1481|0
1482|1
1483|0
1484|1
1485|1
1486|1
1487|1
1488|0
1489|0
1490|0
1491|0
1492|1
1493|0
1494|1
1495|0
1496|0
1497|1
1498|0
1499|1
1500|1
1501|1
1502|1
1503|0
1504|0
1505|0
1506|1
1507|1
1508|0
1509|1
1510|0
1511|0
1512|1
1513|1
1514|0
1515|1
1516|1
1517|0
1518|0
1519|0
1520|1
1521|0
1522|1
1523|0
1524|1
1525|1
1526|0
1527|1
1528|1
1529|0
1530|1
1531|0
1532|1
1533|1
1534|1
1535|0
1536|0
1537|1
1538|0
1539|1
1540|1
1541|1
1542|0
1543|0
1544|1
1545|0
1546|1
1547|0
1548|0
1549|0
1550|0
1551|1
1552|1
1553|0
1554|0
1555|0
1556|1
1557|0
1558|1
1559|0
1560|0
1561|1
1562|1
1563|1
1564|1
1565|1
1566|0
1567|1
1568|1
1569|1
1570|0
1571|1
1572|1
1573|0
1574|0
1575|0
1576|1
1577|0
1578|0
1579|1
1580|1
1581|1
1582|0
1583|0
1584|0
1585|1
1586|0
1587|1
1588|1
1589|0
1590|0
1591|0
1592|1
1593|0
1594|1
1595|0
1596|0
1597|1
1598|0
1599|0
1600|0
1601|0
1602|0
1603|0
1604|0
1605|1
1606|1
1607|0
1608|0
1609|0
1610|1
1611|0
1612|1
1613|0
1614|0
1615|0
1616|1
1617|1
1618|0
1619|0
1620|0
1621|1
1622|0
1623|0
1624|0
1625|1
1626|1
1627|0
1628|1
1629|0
1630|1
1631|1
1632|0
1633|0
1634|0
1635|1
1636|1
1637|1
1638|0
1639|1
1640|1
1641|0
1642|0
1643|1
1644|1
1645|1
1646|1
1647|1
1648|0
1649|0
1650|1
1651|1
1652|0
1653|0
1654|0
1655|0
1656|0
1657|0
1658|1
1659|0
1660|1
1661|1
1662|1
1663|1
1664|1
1665|0
1666|1
1667|1
1668|0
1669|1
1670|0
1671|1
1672|0
1673|1
1674|1
1675|0
1676|0
1677|1
1678|0
1679|0
1680|1
1681|1
1682|1
1683|0
1684|0
1685|0
1686|1
1687|0
1688|1
1689|0
1690|1
1691|1
1692|0
1693|1
1694|1
1695|0
1696|1
1697|0
1698|1
1699|0
1700|1
1701|1
1702|1
1703|0
1704|1
1705|0
1706|0
1707|1
1708|1
1709|1
1710|1
1711|0
1712|1
1713|1
1714|1
1715|1
1716|0
1717|1
1718|0
1719|0
1720|1
1721|1
1722|0
1723|0
1724|1
1725|1
1726|0
1727|0
1728|1
1729|1
1730|0
1731|1
1732|1
1733|0
1734|0
1735|1
1736|0
1737|1
1738|0
1739|0
1740|0
1741|1
1742|0
1743|1
1744|0
1745|0
1746|0
1747|1
1748|1
1749|0
1750|0
1751|0
1752|1
1753|1
1754|1
1755|0
1756|0
1757|0
1758|0
1759|1
1760|1
1761|1
1762|0
1763|1
1764|0
1765|0
1766|1
1767|0
1768|0
1769|1
1770|0
1771|1
1772|0
1773|0
1774|1
1775|0
1776|0
1777|1
1778|1
1779|1
1780|0
1781|1
1782|1
1783|0
1784|0
1785|0
1786|0
1787|0
1788|0
1789|0
1790|0
1791|1
1792|1
1793|0
1794|1
1795|0
1796|1
1797|1
1798|0
1799|0
1800|0
1801|1
1802|1
1803|1
1804|1
1805|1
1806|0
1807|1
1808|0
1809|1
1810|0
1811|1
1812|0
1813|1
1814|1
1815|1
1816|0
1817|0
1818|1
1819|0
1820|0
1821|1
1822|1
1823|1
1824|1
1825|1
1826|1
1827|1
1828|1
1829|0
1830|1
1831|1
1832|0
1833|1
1834|1
1835|0
1836|1
1837|0
1838|0
1839|1
1840|0
1841|0
1842|1
1843|1
1844|0
1845|1
1846|0
1847|0
1848|0
1849|0
1850|1
1851|1
1852|1
1853|1
1854|1
1855|1
1856|0
1857|0
1858|0
1859|0
1860|1
1861|1
1862|0
1863|0
1864|0
1865|1
1866|0
1867|1
1868|0
1869|0
1870|1
1871|0
1872|1
1873|1
1874|0
1875|1
1876|0
1877|1
1878|1
1879|1
1880|0
1881|1
1882|0
1883|0
1884|1
1885|0
1886|0
1887|1
1888|1
1889|0
1890|0
1891|0
1892|0
1893|0
1894|1
1895|1
1896|1
1897|0
1898|0
1899|1
1900|1
1901|0
1902|1
1903|0
1904|1
1905|1
1906|1
1907|0
1908|1
1909|1
1910|0
1911|1
1912|0
1913|0
1914|1
1915|0
1916|1
1917|1
1918|0
1919|0
1920|1
1921|1
1922|0
1923|0
1924|1
1925|1
1926|0
1927|1
1928|1
1929|0
1930|0
1931|1
1932|1
1933|1
1934|0
1935|1
1936|1
1937|1
1938|1
1939|0
1940|1
1941|1
1942|1
1943|0
1944|1
1945|1
1946|1
1947|1
1948|1
1949|1
1950|1
1951|1
1952|0
1953|1
1954|0
1955|0
1956|1
1957|1
1958|1
1959|0
1960|0
1961|0
1962|1
1963|0
1964|0
1965|0
1966|0
1967|1
1968|1
1969|0
1970|1
1971|0
1972|1
1973|1
1974|1
1975|0
1976|1
1977|0
1978|0
1979|1
1980|1
1981|0
1982|0
1983|0
1984|1
1985|0
1986|1
1987|0
1988|1
1989|1
1990|1
1991|0
1992|0
1993|0
1994|0
1995|1
1996|0
1997|1
1998|0
1999|0
2000|0
2001|1
2002|1
2003|1
2004|1
2005|1
2006|1
2007|1
2008|1
2009|0
2010|1
2011|1
2012|0
2013|1
2014|0
2015|0
2016|0
2017|1
2018|1
2019|0
2020|0
2021|0
2022|0
2023|0
2024|0
2025|0
2026|1
2027|0
2028|1
2029|0
2030|0
2031|0
2032|0
2033|1
2034|1
2035|1
2036|1
2037|1
2038|0
2039|1
2040|0
2041|0
2042|0
2043|1
2044|1
2045|0
2046|1
2047|1
2048|0
2049|1
2050|1
2051|0
2052|1
2053|0
2054|0
2055|1
2056|1
2057|1
2058|0
2059|1
2060|1
2061|0
2062|0
2063|1
2064|1
2065|0
2066|0
2067|1
2068|0
2069|1
2070|1
2071|0
2072|0
2073|1
2074|0
2075|0
2076|0
2077|0
2078|0
2079|0
2080|1
2081|0
2082|1
2083|1
2084|1
2085|1
2086|1
2087|0
2088|1
2089|0
2090|1
2091|1
2092|0
2093|0
2094|0
2095|1
2096|1
2097|1
2098|0
2099|0
2100|0
2101|1
2102|0
2103|0
2104|0
2105|0
2106|0
2107|1
2108|0
2109|0
2110|0
2111|0
2112|0
2113|1
2114|0
2115|1
2116|0
2117|0
2118|1
2119|1
2120|1
2121|0
2122|0
2123|0
2124|0
2125|0
2126|1
2127|1
2128|1
2129|0
2130|1
2131|0
2132|1
2133|1
2134|0
2135|0
2136|0
2137|0
2138|1
2139|0
2140|1
2141|1
2142|1
2143|0
2144|0
2145|0
2146|1
2147|1
2148|1
2149|0
2150|1
2151|0
2152|1
2153|1
2154|0
2155|0
2156|1
2157|0
2158|0
2159|0
2160|1
2161|0
2162|1
2163|0
2164|0
2165|0
2166|1
2167|1
2168|0
2169|0
2170|0
2171|0
2172|0
2173|1
2174|1
2175|1
2176|0
2177|1
2178|1
2179|1
2180|1
2181|1
2182|1
2183|1
2184|0
2185|1
2186|1
2187|0
2188|1
2189|0
2190|0
2191|0
2192|0
2193|0
2194|1
2195|1
2196|0
2197|0
2198|1
2199|0
2200|1
2201|1
2202|0
2203|1
2204|1
2205|1
2206|1
2207|0
2208|0
2209|1
2210|1
2211|1
2212|1
2213|1
2214|0
2215|1
2216|1
2217|1
2218|0
2219|0
2220|0
2221|1
2222|0
2223|0
2224|1
2225|1
2226|1
2227|0
2228|0
2229|1
2230|1
2231|0
2232|1
2233|1
2234|1
2235|1
2236|1
2237|1
2238|1
2239|0
2240|1
2241|1
2242|0
2243|0
2244|1
2245|0
2246|0
2247|0
2248|0
2249|0
2250|0
2251|0
2252|1
2253|1
2254|0
2255|0
2256|1
2257|0
2258|1
2259|1
2260|1
2261|0
2262|0
2263|0
2264|0
2265|0
2266|0
2267|1
2268|1
2269|1
2270|1
2271|0
2272|0
2273|1
2274|1
2275|0
2276|0
2277|0
2278|1
2279|1
2280|0
2281|0
2282|1
2283|0
2284|0
2285|1
2286|0
2287|1
2288|1
2289|0
2290|0
2291|1
2292|1
2293|1
2294|1
2295|0
2296|1
2297|1
2298|1
2299|1
2300|0
2301|0
2302|0
2303|0
2304|1
2305|1
2306|1
2307|1
2308|1
2309|0
2310|1
2311|1
2312|0
2313|1
2314|0
2315|0
2316|1
2317|1
2318|0
2319|1
2320|0
2321|1
2322|1
2323|1
2324|0
2325|0
2326|0
2327|1
2328|1
2329|0
2330|1
2331|1
2332|1
2333|0
2334|0
2335|0
2336|1
2337|1
2338|0
2339|1
2340|1
2341|0
2342|0
2343|0
2344|1
2345|0
2346|0
2347|0
2348|1
2349|1
2350|1
2351|0
2352|1
2353|0
2354|0
2355|0
2356|0
2357|0
2358|0
2359|1
2360|1
2361|0
2362|0
2363|0
2364|1
2365|1
2366|0
2367|0
2368|1
2369|0
2370|0
2371|0
2372|0
2373|1
2374|1
2375|0
2376|1
2377|0
2378|0
2379|1
2380|1
2381|1
2382|0
2383|1
2384|0
2385|0
2386|1
2387|0
2388|1
2389|1
2390|1
2391|0
2392|1
2393|1
2394|0
2395|0
2396|0
2397|0
2398|0
2399|0
2400|0
2401|1
2402|1
2403|0
2404|0
2405|1
2406|0
2407|0
2408|1
2409|0
2410|1
2411|1
2412|1
2413|0
2414|1
2415|0
2416|0
2417|1
2418|1
2419|1
2420|1
2421|1
2422|1
2423|0
2424|1
2425|0
2426|1
2427|1
2428|1
2429|0
2430|0
2431|0
2432|0
2433|1
2434|1
2435|1
2436|1
2437|0
2438|0
2439|1
2440|0
2441|1
2442|1
2443|0
2444|1
2445|0
2446|0
2447|1
2448|0
2449|1
2450|0
2451|1
2452|1
2453|1
2454|0
2455|0
2456|1
2457|1
2458|1
2459|1
2460|0
2461|1
2462|1
2463|1
2464|0
2465|0
2466|1
2467|0
2468|1
2469|1
2470|1
2471|1
2472|1
2473|0
2474|0
2475|0
2476|1
2477|1
2478|1
2479|0
2480|0
2481|0
2482|1
2483|1
2484|1
2485|0
2486|1
2487|1
2488|0
2489|0
2490|1
2491|0
2492|0
2493|1
2494|0
2495|0
2496|0
2497|0
2498|1
2499|0
2500|0
2501|0
2502|1
2503|1
2504|0
2505|1
2506|1
2507|1
2508|1
2509|1
2510|0
2511|0
2512|1
2513|1
2514|1
2515|0
2516|0
2517|0
2518|1
2519|1
2520|0
2521|1
2522|1
2523|1
2524|0
2525|1
2526|0
2527|1
2528|0
2529|1
2530|0
2531|0
2532|1
2533|1
2534|1
2535|1
2536|1
2537|1
2538|1
2539|1
2540|0
2541|0
2542|1
2543|0
2544|1
2545|0
2546|0
2547|0
2548|0
2549|0
2550|0
2551|1
2552|1
2553|0
2554|0
2555|1
2556|0
2557|1
2558|0
2559|1
2560|0
2561|1
2562|1
2563|0
2564|0
2565|1
2566|1
2567|0
2568|0
2569|0
2570|0
2571|0
2572|1
2573|1
2574|0
2575|0
2576|1
2577|1
2578|0
2579|1
2580|0
2581|1
2582|0
2583|1
2584|1
2585|0
2586|0
2587|0
2588|1
2589|1
2590|0
2591|1
2592|0
2593|1
2594|0
2595|1
2596|0
2597|1
2598|1
2599|1
2600|0
2601|0
2602|0
2603|1
2604|0
2605|1
2606|1
2607|1
2608|1
2609|0
2610|0
2611|0
2612|1
2613|1
2614|1
2615|1
2616|0
2617|1
2618|1
2619|1
2620|0
2621|1
2622|1
2623|1
2624|1
2625|0
2626|1
2627|0
2628|0
2629|1
2630|1
2631|1
2632|1
2633|0
2634|0
2635|1
2636|1
2637|1
2638|0
2639|1
2640|1
2641|0
2642|0
2643|0
2644|0
2645|0
2646|1
2647|1
2648|1
2649|1
2650|0
2651|0
2652|0
2653|0
2654|1
2655|1
2656|0
2657|0
2658|0
2659|1
2660|1
2661|1
2662|0
2663|1
2664|0
2665|0
2666|1
2667|1
2668|1
2669|0
2670|1
2671|0
2672|0
2673|0
2674|0
2675|1
2676|1
2677|0
2678|0
2679|1
2680|1
2681|1
2682|0
2683|1
2684|0
2685|0
2686|1
2687|1
2688|1
2689|1
2690|0
2691|1
2692|0
2693|1
2694|1
2695|1
2696|0
2697|1
2698|1
2699|1
2700|0
2701|1
2702|0
2703|1
2704|0
2705|0
2706|1
2707|0
2708|0
2709|0
2710|0
2711|0
2712|1
2713|1
2714|1
2715|0
2716|0
2717|0
2718|0
2719|0
2720|0
2721|1
2722|0
2723|0
2724|1
2725|0
2726|0
2727|1
2728|0
2729|1
2730|0
2731|1
2732|1
2733|1
2734|0
2735|0
2736|0
2737|1
2738|1
2739|0
2740|0
2741|0
2742|1
2743|1
2744|0
2745|1
2746|0
2747|1
2748|1
2749|0
2750|0
2751|0
2752|0
2753|0
2754|0
2755|1
2756|0
2757|0
2758|1
2759|1
2760|0
2761|0
2762|0
2763|1
2764|1
2765|1
2766|0
2767|1
2768|0
2769|0
2770|1
2771|0
2772|1
2773|0
2774|1
2775|0
2776|0
2777|1
2778|1
2779|0
2780|1
2781|0
2782|1
2783|1
2784|0
2785|1
2786|0
2787|0
2788|0
2789|1
2790|1
2791|0
2792|1
2793|0
2794|1
2795|0
2796|1
2797|1
2798|1
2799|0
2800|0
2801|1
2802|1
2803|0
2804|1
2805|0
2806|1
2807|0
2808|0
2809|0
2810|1
2811|0
2812|0
2813|0
2814|1
2815|1
2816|0
2817|1
2818|1
2819|0
2820|0
2821|1
2822|1
2823|0
2824|0
2825|1
2826|1
2827|1
2828|1
2829|1
2830|0
2831|0
2832|0
2833|1
2834|0
2835|1
2836|0
2837|1
2838|0
2839|1
2840|1
2841|1
2842|1
2843|1
2844|0
2845|0
2846|0
2847|1
2848|0
2849|1
2850|0
2851|1
2852|1
2853|0
2854|1
2855|0
2856|1
2857|1
2858|0
2859|0
2860|1
2861|0
2862|1
2863|1
2864|1
2865|1
2866|1
2867|0
2868|0
2869|0
2870|0
2871|0
2872|1
2873|1
2874|1
2875|0
2876|0
2877|0
2878|1
2879|0
2880|0
2881|1
2882|1
2883|0
2884|0
2885|0
2886|1
2887|1
2888|1
2889|1
2890|1
2891|1
2892|0
2893|0
2894|0
2895|1
2896|1
2897|0
2898|1
2899|0
2900|1
2901|1
2902|1
2903|1
2904|0
2905|0
2906|1
2907|0
2908|0
2909|1
2910|0
2911|0
2912|1
2913|0
2914|0
2915|1
2916|1
2917|0
2918|0
2919|0
2920|0
2921|0
2922|1
2923|0
2924|0
2925|0
2926|1
2927|1
2928|0
2929|1
2930|1
2931|1
2932|0
2933|1
2934|0
2935|0
2936|0
2937|0
2938|1
2939|0
2940|0
2941|0
2942|1
2943|0
2944|1
2945|1
2946|1
2947|0
2948|1
2949|0
2950|0
2951|1
2952|0
2953|0
2954|1
2955|0
2956|0
2957|0
2958|0
2959|0
2960|0
2961|0
2962|0
2963|1
2964|0
2965|0
2966|1
2967|1
2968|1
2969|0
2970|0
2971|0
2972|1
2973|0
2974|0
2975|0
2976|0
2977|0
2978|1
2979|0
2980|0
2981|0
2982|0
2983|1
2984|1
2985|1
2986|0
2987|1
2988|1
2989|0
2990|1
2991|1
2992|0
2993|0
2994|1
2995|1
2996|0
2997|1
2998|0
2999|0
3000|1
3001|0
3002|0
3003|0
3004|1
3005|1
3006|1
3007|1
3008|1
3009|0
3010|1
3011|1
3012|0
3013|1
3014|0
3015|1
3016|0
3017|1
3018|0
3019|0
3020|1
3021|0
3022|1
3023|0
3024|0
3025|0
3026|0
3027|1
3028|0
3029|0
3030|1
3031|1
3032|0
3033|1
3034|1
3035|0
3036|0
3037|0
3038|1
3039|0
3040|1
3041|0
3042|1
3043|1
3044|1
3045|1
3046|1
3047|1
3048|0
3049|0
3050|0
3051|0
3052|0
3053|1
3054|0
3055|0
3056|1
3057|1
3058|0
3059|1
3060|1
3061|0
3062|1
3063|1
3064|0
3065|0
3066|1
3067|0
3068|0
3069|0
3070|1
3071|0
3072|1
3073|1
3074|1
3075|0
3076|0
3077|1
3078|0
3079|1
3080|0
3081|0
3082|1
3083|0
3084|1
3085|1
3086|0
3087|0
3088|0
3089|0
3090|1
3091|0
3092|0
3093|0
3094|0
3095|1
3096|0
3097|0
3098|1
3099|0
3100|0
3101|0
3102|1
3103|0
3104|1
3105|0
3106|1
3107|1
3108|0
3109|0
3110|1
3111|1
3112|1
3113|1
3114|0
3115|0
3116|1
3117|1
3118|0
3119|0
3120|1
3121|0
3122|0
3123|0
3124|0
3125|1
3126|0
3127|1
3128|1
3129|1
3130|0
3131|0
3132|0
3133|0
3134|0
3135|0
3136|0
3137|0
3138|0
3139|0
3140|1
3141|0
3142|1
3143|0
3144|0
3145|1
3146|1
3147|1
3148|0
3149|1
3150|0
3151|0
3152|1
3153|0
3154|0
3155|0
3156|0
3157|0
3158|1
3159|0
3160|0
3161|1
3162|0
3163|0
3164|0
3165|0
3166|1
3167|1
3168|0
3169|1
3170|0
3171|0
3172|1
3173|1
3174|0
3175|0
3176|0
3177|0
3178|0
3179|0
3180|1
3181|1
3182|0
3183|0
3184|0
3185|1
3186|0
3187|0
3188|0
3189|1
3190|1
3191|1
3192|1
3193|1
3194|1
3195|0
3196|1
3197|0
3198|0
3199|0
3200|1
3201|0
3202|0
3203|1
3204|0
3205|1
3206|1
3207|0
3208|1
3209|0
3210|1
3211|0
3212|1
3213|1
3214|0
3215|1
3216|0
3217|1
3218|0
3219|1
3220|0
3221|1
3222|1
3223|1
3224|0
3225|0
3226|0
3227|1
3228|0
3229|1
3230|0
3231|1
3232|1
3233|1
3234|0
3235|1
3236|0
3237|0
3238|1
3239|0
3240|1
3241|0
3242|1
3243|1
3244|1
3245|1
3246|1
3247|0
3248|0
3249|0
3250|1
3251|1
3252|0
3253|1
3254|0
3255|1
3256|1
3257|1
3258|1
3259|1
3260|0
3261|0
3262|0
3263|0
3264|1
3265|0
3266|1
3267|1
3268|1
3269|1
3270|1
3271|0
3272|1
3273|1
3274|1
3275|1
3276|1
3277|0
3278|1
3279|1
3280|1
3281|1
3282|1
3283|0
3284|0
3285|0
3286|1
3287|0
3288|0
3289|1
3290|1
3291|0
3292|1
3293|0
3294|1
3295|1
3296|0
3297|1
3298|1
3299|0
3300|0
3301|0
3302|1
3303|0
3304|1
3305|1
3306|0
3307|0
3308|1
3309|0
3310|0
3311|0
3312|0
3313|0
3314|1
3315|1
3316|1
3317|1
3318|1
3319|1
3320|0
3321|1
3322|0
3323|1
3324|0
3325|0
3326|0
3327|1
3328|0
3329|0
3330|0
3331|0
3332|1
3333|0
3334|1
3335|0
3336|1
3337|0
3338|0
3339|1
3340|0
3341|0
3342|1
3343|1
3344|1
3345|0
3346|0
3347|1
3348|1
3349|1
3350|1
3351|0
3352|1
3353|0
3354|1
3355|1
3356|0
3357|1
3358|0
3359|1
3360|1
3361|0
3362|1
3363|1
3364|1
3365|1
3366|0
3367|0
3368|0
3369|0
3370|0
3371|1
3372|1
3373|1
3374|0
3375|0
3376|1
3377|1
3378|0
3379|1
3380|0
3381|1
3382|1
3383|1
3384|0
3385|1
3386|0
3387|0
3388|1
3389|0
3390|0
3391|0
3392|0
3393|1
3394|0
3395|0
3396|0
3397|0
3398|0
3399|1
3400|1
3401|0
3402|0
3403|1
3404|0
3405|0
3406|1
3407|1
3408|0
3409|1
3410|0
3411|0
3412|1
3413|0
3414|0
3415|0
3416|0
3417|0
3418|0
3419|1
3420|0
3421|1
3422|0
3423|1
3424|1
3425|0
3426|0
3427|0
3428|0
3429|1
3430|0
3431|0
3432|1
3433|0
3434|1
3435|1
3436|1
3437|0
3438|1
3439|0
3440|0
3441|0
3442|1
3443|0
3444|1
3445|0
3446|0
3447|0
3448|0
3449|0
3450|0
3451|0
3452|1
3453|0
3454|0
3455|1
3456|1
3457|0
3458|0
3459|1
3460|0
3461|1
3462|1
3463|0
3464|0
3465|1
3466|1
3467|0
3468|1
3469|1
3470|0
3471|1
3472|0
3473|1
3474|1
3475|0
3476|0
3477|0
3478|0
3479|1
3480|0
3481|0
3482|0
3483|0
3484|1
3485|1
3486|0
3487|0
3488|0
3489|0
3490|1
3491|1
3492|0
3493|0
3494|0
3495|1
3496|1
3497|0
3498|0
3499|0
3500|1
3501|1
3502|1
3503|0
3504|1
3505|1
3506|1
3507|0
3508|0
3509|0
3510|0
3511|1
3512|0
3513|0
3514|0
3515|0
3516|1
3517|1
3518|1
3519|0
3520|1
3521|0
3522|1
3523|0
3524|0
3525|0
3526|0
3527|1
3528|1
3529|1
3530|0
3531|1
3532|0
3533|1
3534|0
3535|0
3536|0
3537|1
3538|0
3539|1
3540|1
3541|0
3542|1
3543|0
3544|1
3545|1
3546|1
3547|0
3548|0
3549|1
3550|0
3551|0
3552|0
3553|0
3554|0
3555|0
3556|0
3557|0
3558|0
3559|0
3560|0
3561|0
3562|1
3563|1
3564|1
3565|1
3566|0
3567|1
3568|0
3569|1
3570|1
3571|0
3572|1
3573|1
3574|0
3575|1
3576|0
3577|0
3578|0
3579|1
3580|1
3581|1
3582|1
3583|0
3584|0
3585|0
3586|0
3587|1
3588|0
3589|0
3590|1
3591|0
3592|1
3593|1
3594|0
3595|0
3596|0
3597|0
3598|0
3599|1
3600|1
3601|1
3602|0
3603|0
3604|1
3605|1
3606|0
3607|1
3608|1
3609|1
3610|0
3611|1
3612|0
3613|0
3614|1
3615|0
3616|1
3617|0
3618|1
3619|0
3620|0
3621|0
3622|0
3623|1
3624|1
3625|1
3626|0
3627|0
3628|0
3629|1
3630|1
3631|0
3632|0
3633|1
3634|1
3635|0
3636|1
3637|1
3638|1
3639|0
3640|0
3641|1
3642|1
3643|0
3644|1
3645|1
3646|0
3647|0
3648|1
3649|0
3650|0
3651|1
3652|0
3653|0
3654|1
3655|1
3656|1
3657|0
3658|0
3659|0
3660|1
3661|0
3662|0
3663|0
3664|1
3665|0
3666|0
3667|1
3668|0
3669|1
3670|0
3671|0
3672|0
3673|0
3674|1
3675|1
3676|1
3677|1
3678|1
3679|1
3680|0
3681|0
3682|1
3683|0
3684|0
3685|1
3686|0
3687|1
3688|0
3689|1
3690|0
3691|0
3692|0
3693|0
3694|1
3695|0
3696|0
3697|0
3698|1
3699|1
3700|1
3701|0
3702|1
3703|1
3704|0
3705|0
3706|0
3707|0
3708|0
3709|1
3710|1
3711|0
3712|0
3713|0
3714|1
3715|0
3716|1
3717|1
3718|1
3719|0
3720|0
3721|0
3722|0
3723|1
3724|1
3725|1
3726|1
3727|1
3728|0
3729|0
3730|1
3731|1
3732|1
3733|0
3734|1
3735|1
3736|0
3737|0
3738|1
3739|1
3740|1
3741|0
3742|1
3743|1
3744|0
3745|0
3746|0
3747|1
3748|0
3749|1
3750|1
3751|1
3752|1
3753|1
3754|0
3755|1
3756|1
3757|0
3758|1
3759|1
3760|0
3761|0
3762|0
3763|0
3764|0
3765|0
3766|0
3767|1
3768|1
3769|0
3770|0
3771|0
3772|1
3773|1
3774|1
3775|1
3776|0
3777|0
3778|1
3779|0
3780|0
3781|0
3782|1
3783|1
3784|0
3785|1
3786|1
3787|0
3788|0
3789|0
3790|0
3791|0
3792|1
3793|0
3794|0
3795|1
3796|0
3797|0
3798|1
3799|0
3800|1
3801|1
3802|0
3803|1
3804|1
3805|1
3806|1
3807|1
3808|0
3809|1
3810|1
3811|1
3812|0
3813|0
3814|0
3815|1
3816|0
3817|0
3818|1
3819|1
3820|1
3821|0
3822|1
3823|1
3824|0
3825|0
3826|0
3827|0
3828|0
3829|1
3830|0
3831|1
3832|0
3833|0
3834|0
3835|0
3836|1
3837|0
3838|1
3839|0
3840|1
3841|1
3842|1
3843|0
3844|1
3845|1
3846|0
3847|0
3848|1
3849|0
3850|1
3851|0
3852|0
3853|1
3854|0
3855|0
3856|1
3857|0
3858|0
3859|0
3860|0
3861|0
3862|1
3863|0
3864|0
3865|0
3866|1
3867|0
3868|0
3869|1
3870|1
3871|1
3872|1
3873|0
3874|0
3875|1
3876|0
3877|0
3878|0
3879|0
3880|0
3881|0
3882|1
3883|1
3884|1
3885|1
3886|1
3887|0
3888|1
3889|0
3890|0
3891|1
3892|0
3893|1
3894|1
3895|1
3896|0
3897|0
3898|0
3899|0
3900|0
3901|0
3902|1
3903|1
3904|1
3905|1
3906|0
3907|0
3908|0
3909|1
3910|0
3911|1
3912|1
3913|0
3914|1
3915|0
3916|0
3917|0
3918|1
3919|1
3920|0
3921|1
3922|0
3923|1
3924|0
3925|0
3926|1
3927|0
3928|1
3929|0
3930|0
3931|0
3932|1
3933|1
3934|0
3935|1
3936|0
3937|0
3938|1
3939|0
3940|1
3941|0
3942|0
3943|1
3944|1
3945|1
3946|0
3947|1
3948|1
3949|0
3950|1
3951|1
3952|1
3953|1
3954|0
3955|0
3956|1
3957|1
3958|0
3959|1
3960|1
3961|1
3962|0
3963|0
3964|1
3965|0
3966|1
3967|0
3968|1
3969|0
3970|0
3971|1
3972|0
3973|0
3974|0
3975|0
3976|0
3977|0
3978|0
3979|1
3980|1
3981|0
3982|0
3983|0
3984|1
3985|0
3986|0
3987|0
3988|1
3989|0
3990|0
3991|0
3992|1
3993|0
3994|1
3995|0
3996|1
3997|0
3998|0
3999|0
4000|0
4001|1
4002|0
4003|1
4004|0
4005|0
4006|0
4007|1
4008|0
4009|0
4010|0
4011|0
4012|0
4013|1
4014|0
4015|0
4016|0
4017|1
4018|0
4019|0
4020|0
4021|1
4022|0
4023|1
4024|1
4025|1
4026|0
4027|1
4028|0
4029|0
4030|0
4031|0
4032|0
4033|0
4034|0
4035|0
4036|1
4037|0
4038|1
4039|1
4040|0
4041|1
4042|0
4043|0
4044|1
4045|0
4046|0
4047|0
4048|1
4049|1
4050|1
4051|0
4052|1
4053|0
4054|0
4055|0
4056|1
4057|0
4058|0
4059|1
4060|0
4061|1
4062|0
4063|0
4064|1
4065|0
4066|0
4067|1
4068|0
4069|0
4070|1
4071|1
4072|0
4073|0
4074|1
4075|0
4076|0
4077|0
4078|1
4079|0
4080|0
4081|0
4082|1
4083|0
4084|0
4085|0
4086|0
4087|0
4088|0
4089|1
4090|0
4091|1
4092|0
4093|1
4094|0
4095|1
4096|0
4097|0
4098|1
4099|0
4100|0
4101|1
4102|1
4103|0
4104|1
4105|0
4106|0
4107|1
4108|0
4109|0
4110|1
4111|0
4112|1
4113|1
4114|1
4115|1
4116|0
4117|0
4118|0
4119|0
4120|0
4121|0
4122|1
4123|0
4124|1
4125|0
4126|1
4127|0
4128|1
4129|0
4130|0
4131|0
4132|1
4133|0
4134|0
4135|0
4136|1
4137|1
4138|0
4139|1
4140|0
4141|1
4142|0
4143|0
4144|1
4145|0
4146|0
4147|0
4148|1
4149|1
4150|0
4151|1
4152|1
4153|1
4154|0
4155|0
4156|0
4157|0
4158|0
4159|0
4160|1
4161|0
4162|0
4163|1
4164|0
4165|1
4166|0
4167|0
4168|1
4169|0
4170|0
4171|0
4172|1
4173|0
4174|0
4175|1
4176|0
4177|1
4178|0
4179|1
4180|0
4181|0
4182|0
4183|1
4184|1
4185|0
4186|0
4187|0
4188|0
4189|1
4190|1
4191|0
4192|0
4193|1
4194|0
4195|0
4196|0
4197|0
4198|0
4199|0
4200|0
4201|0
4202|1
4203|1
4204|0
4205|1
4206|0
4207|0
4208|0
4209|0
4210|1
4211|1
4212|0
4213|0
4214|1
4215|1
4216|1
4217|0
4218|1
4219|1
4220|0
4221|0
4222|0
4223|1
4224|0
4225|0
4226|0
4227|1
4228|0
4229|0
4230|0
4231|1
4232|0
4233|0
4234|0
4235|0
4236|0
4237|1
4238|0
4239|0
4240|1
4241|0
4242|1
4243|0
4244|0
4245|0
4246|1
4247|1
4248|1
4249|1
4250|0
4251|0
4252|0
4253|0
4254|0
4255|1
4256|0
4257|0
4258|0
4259|0
4260|1
4261|1
4262|1
4263|0
4264|1
4265|0
4266|0
4267|0
4268|0
4269|1
4270|1
4271|1
4272|0
4273|0
4274|1
4275|1
4276|0
4277|1
4278|0
4279|0
4280|0
4281|0
4282|1
4283|0
4284|1
4285|0
4286|0
4287|0
4288|0
4289|0
4290|0
4291|0
4292|0
4293|0
4294|0
4295|0
4296|0
4297|1
4298|1
4299|0
4300|0
4301|1
4302|1
4303|0
4304|0
4305|0
4306|0
4307|0
4308|0
4309|1
4310|1
4311|1
4312|1
4313|1
4314|0
4315|0
4316|0
4317|0
4318|0
4319|1
4320|1
4321|0
4322|0
4323|0
4324|1
4325|0
4326|0
4327|1
4328|0
4329|1
4330|0
4331|0
4332|1
4333|1
4334|0
4335|0
4336|1
4337|0
4338|0
4339|0
4340|0
4341|0
4342|0
4343|0
4344|0
4345|1
4346|1
4347|0
4348|1
4349|0
4350|0
4351|0
4352|1
4353|0
4354|0
4355|0
4356|1
4357|0
4358|0
4359|1
4360|1
4361|0
4362|0
4363|0
4364|1
4365|0
4366|0
4367|1
4368|1
4369|0
4370|0
4371|1
4372|0
4373|1
4374|0
4375|1
4376|1
4377|1
4378|1
4379|1
4380|1
4381|1
4382|0
4383|1
4384|1
4385|0
4386|1
4387|0
4388|1
4389|0
4390|0
4391|0
4392|1
4393|0
4394|1
4395|1
4396|1
4397|0
4398|0
4399|1
4400|1
4401|0
4402|0
4403|1
4404|0
4405|0
4406|0
4407|0
4408|0
4409|0
4410|0
4411|0
4412|1
4413|1
4414|0
4415|1
4416|0
4417|0
4418|0
4419|1
4420|1
4421|1
4422|0
4423|1
4424|0
4425|1
4426|1
4427|0
4428|0
4429|0
4430|1
4431|0
4432|0
4433|1
4434|0
4435|0
4436|0
4437|0
4438|0
4439|0
4440|1
4441|1
4442|1
4443|1
4444|0
4445|1
4446|0
4447|0
4448|1
4449|0
4450|1
4451|0
4452|0
4453|1
4454|1
4455|0
4456|0
4457|0
4458|1
4459|1
4460|1
4461|0
4462|1
4463|0
4464|1
4465|0
4466|0
4467|1
4468|1
4469|0
4470|0
4471|1
4472|0
4473|0
4474|0
4475|1
4476|0
4477|0
4478|1
4479|0
4480|0
4481|0
4482|0
4483|0
4484|1
4485|0
4486|0
4487|0
4488|1
4489|0
4490|0
4491|1
4492|1
4493|1
4494|1
4495|0
4496|0
4497|0
4498|0
4499|0
4500|0
4501|1
4502|0
4503|0
4504|0
4505|0
4506|0
4507|0
4508|0
4509|0
4510|1
4511|0
4512|1
4513|0
4514|0
4515|1
4516|0
4517|0
4518|0
4519|0
4520|0
4521|0
4522|0
4523|0
4524|0
4525|0
4526|1
4527|1
4528|1
4529|0
4530|1
4531|1
4532|1
4533|0
4534|0
4535|1
4536|0
4537|0
4538|0
4539|0
4540|0
4541|0
4542|0
4543|1
4544|0
4545|0
4546|1
4547|0
4548|0
4549|0
4550|1
4551|0
4552|0
4553|1
4554|0
4555|1
4556|0
4557|1
4558|1
4559|0
4560|1
4561|0
4562|0
4563|0
4564|1
4565|0
4566|0
4567|0
4568|0
4569|0
4570|0
4571|1
4572|0
4573|1
4574|0
4575|0
4576|0
4577|0
4578|0
4579|0
4580|1
4581|0
4582|1
4583|0
4584|0
4585|0
4586|1
4587|1
4588|0
4589|1
4590|0
4591|1
4592|1
4593|1
4594|0
4595|1
4596|0
4597|0
4598|0
4599|0
4600|0
4601|1
4602|0
4603|1
4604|0
4605|0
4606|0
4607|0
4608|0
4609|0
4610|0
4611|1
4612|0
4613|1
4614|1
4615|0
4616|0
4617|1
4618|0
4619|0
4620|1
4621|0
4622|0
4623|0
4624|0
4625|0
4626|0
4627|0
4628|0
4629|0
4630|1
4631|1
4632|0
4633|0
4634|0
4635|0
4636|0
4637|0
4638|0
4639|0
4640|0
4641|0
4642|0
4643|1
4644|0
4645|1
4646|0
4647|0
4648|1
4649|1
4650|1
4651|1
4652|0
4653|0
4654|1
4655|1
4656|0
4657|0
4658|0
4659|1
4660|0
4661|0
4662|0
4663|0
4664|0
4665|0
4666|0
4667|1
4668|0
4669|0
4670|0
4671|0
4672|0
4673|0
4674|0
4675|0
4676|0
4677|1
4678|0
4679|0
4680|1
4681|0
4682|0
4683|0
4684|0
4685|0
4686|0
4687|0
4688|0
4689|1
4690|0
4691|0
4692|0
4693|1
4694|0
4695|0
4696|0
4697|0
4698|0
4699|0
4700|0
4701|1
4702|1
4703|1
4704|0
4705|0
4706|1
4707|1
4708|0
4709|0
4710|0
4711|0
4712|0
4713|0
4714|1
4715|0
4716|1
4717|1
4718|0
4719|0
4720|0
4721|1
4722|0
4723|0
4724|1
4725|1
4726|1
4727|0
4728|1
4729|0
4730|1
4731|0
4732|0
4733|1
4734|0
4735|0
4736|0
4737|0
4738|0
4739|0
4740|0
4741|0
4742|1
4743|1
4744|1
4745|1
4746|0
4747|1
4748|1
4749|0
4750|0
4751|0
4752|1
4753|0
4754|1
4755|0
4756|1
4757|0
4758|1
4759|0
4760|1
4761|0
4762|1
4763|0
4764|0
4765|1
4766|0
4767|0
4768|0
4769|1
4770|0
4771|0
4772|0
4773|0
4774|1
4775|1
4776|0
4777|1
4778|0
4779|0
4780|0
4781|0
4782|0
4783|0
4784|1
4785|0
4786|0
4787|0
4788|1
4789|0
4790|0
4791|1
4792|0
4793|1
4794|0
4795|0
4796|0
4797|0
4798|1
4799|1
4800|0
4801|0
4802|1
4803|0
4804|0
4805|0
4806|0
4807|1
4808|1
4809|1
4810|0
4811|1
4812|0
4813|0
4814|0
4815|0
4816|1
4817|0
4818|0
4819|0
4820|1
4821|0
4822|0
4823|1
4824|0
4825|0
4826|1
4827|0
4828|0
4829|0
4830|1
4831|0
4832|1
4833|0
4834|0
4835|0
4836|0
4837|0
4838|0
4839|0
4840|0
4841|0
4842|0
4843|1
4844|0
4845|0
4846|0
4847|0
4848|0
4849|0
4850|0
4851|1
4852|0
4853|0
4854|0
4855|0
4856|0
4857|0
4858|0
4859|0
4860|0
4861|0
4862|0
4863|0
4864|0
4865|0
4866|0
4867|0
4868|1
4869|0
4870|1
4871|1
4872|0
4873|0
4874|0
4875|0
4876|0
4877|0
4878|0
4879|0
4880|0
4881|0
4882|1
4883|0
4884|0
4885|1
4886|0
4887|0
4888|1
4889|0
4890|0
4891|0
4892|0
4893|0
4894|0
4895|0
4896|0
4897|0
4898|0
4899|0
4900|0
4901|0
4902|1
4903|0
4904|0
4905|0
4906|0
4907|0
4908|0
4909|0
4910|1
4911|0
4912|0
4913|0
4914|0
4915|0
4916|0
4917|0
4918|0
4919|0
4920|0
4921|1
4922|0
4923|0
4924|0
4925|0
4926|0
4927|1
4928|0
4929|0
4930|0
4931|0
4932|0
4933|0
4934|0
4935|1
4936|0
4937|1
4938|0
4939|0
4940|0
4941|0
4942|0
4943|0
4944|0
4945|0
4946|0
4947|0
4948|0
4949|1
4950|0
4951|0
4952|0
4953|0
4954|0
4955|1
4956|0
4957|0
4958|1
4959|0
4960|0
4961|0
4962|1
4963|0
4964|0
4965|0
4966|0
4967|0
4968|0
4969|0
4970|0
4971|0
4972|0
4973|0
4974|0
4975|0
4976|0
4977|0
4978|1
4979|0
4980|0
4981|0
4982|0
4983|0
4984|1
4985|0
4986|1
4987|0
4988|0
4989|0
4990|0
4991|0
4992|0
4993|0
4994|0
4995|0
4996|0
4997|0
4998|0
4999|0
5000|0
5001|0
5002|0
5003|0
5004|0
5005|1
5006|0
5007|0
5008|1
5009|0
5010|0
5011|0
5012|1
5013|0
5014|0
5015|0
5016|0
5017|0
5018|1
5019|0
5020|0
5021|1
5022|0
5023|0
5024|0
5025|0
5026|0
5027|0
5028|0
5029|0
5030|0
5031|0
5032|0
5033|0
5034|0
5035|0
5036|1
5037|0
5038|0
5039|0
5040|0
5041|0
5042|0
5043|0
5044|0
5045|0
5046|0
5047|0
5048|0
5049|0
5050|0
5051|1
5052|0
5053|0
5054|0
5055|0
5056|0
5057|1
5058|0
5059|0
5060|0
5061|1
5062|0
5063|0
5064|0
5065|0
5066|0
5067|0
5068|0
5069|0
5070|0
5071|0
5072|0
5073|0
5074|0
5075|0
5076|0
5077|0
5078|0
5079|0
5080|1
5081|0
5082|0
5083|0
5084|0
5085|0
5086|0
5087|0
5088|0
5089|0
5090|0
5091|0
5092|1
5093|0
5094|0
5095|0
5096|0
5097|0
5098|0
5099|1
5100|0
5101|0
5102|0
5103|0
5104|0
5105|0
5106|0
5107|0
5108|0
5109|1
5110|0
5111|0
